0 0.17265625 0.18984375 0.3453125 0.18203125
0 0.35 0.415625 0.31640625 0.18515625
0 0.82734375 0.634375 0.3453125 0.38671875
0 0.84765625 0.3765625 0.26015625 0.1546875
0 0.5328125 0.6 0.228125 0.340625
0 0.81796875 0.20625 0.3640625 0.159375
0 0.51953125 0.26484375 0.3640625 0.12109375
0 0.2984375 0.7921875 0.140625 0.31328125
0 0.53515625 0.11015625 0.3703125 0.2015625
0 0.11875 0.82265625 0.18359375 0.33515625
0 0.1078125 0.41171875 0.16484375 0.33671875
0 0.56484375 0.88828125 0.38203125 0.2140625