0 0.69453125 0.71328125 0.33203125 0.13984375
0 0.13671875 0.80859375 0.2734375 0.31015625
0 0.40703125 0.3171875 0.3203125 0.24140625
0 0.19609375 0.375 0.1453125 0.36015625
0 0.3734375 0.71953125 0.35703125 0.16796875
0 0.78203125 0.4 0.28671875 0.31640625
0 0.521875 0.146875 0.38984375 0.14296875
0 0.77109375 0.06796875 0.4359375 0.1359375
0 0.8625 0.88984375 0.128125 0.2203125
0 0.5203125 0.571875 0.41015625 0.16015625
0 0.5578125 0.9109375 0.38203125 0.125
0 0.07265625 0.12578125 0.1453125 0.2515625