0 0.07578125 0.7078125 0.15078125 0.2765625
0 0.2421875 0.17890625 0.28125 0.23046875
0 0.45390625 0.80078125 0.1171875 0.309375
0 0.73125 0.28515625 0.115625 0.32890625
0 0.83515625 0.540625 0.15546875 0.3
0 0.88671875 0.27265625 0.16015625 0.36484375
0 0.56328125 0.24765625 0.15859375 0.35859375
0 0.28125 0.72734375 0.16484375 0.36171875
0 0.3921875 0.315625 0.3015625 0.1046875
0 0.6640625 0.78046875 0.12890625 0.3921875
0 0.440625 0.52578125 0.3765625 0.16796875
0 0.16796875 0.34609375 0.21875 0.1875