0 0.75703125 0.46875 0.178125 0.3875
0 0.63359375 0.2765625 0.2734375 0.19765625
0 0.9078125 0.69296875 0.184375 0.3625
0 0.18203125 0.3671875 0.26640625 0.18125
0 0.28828125 0.79453125 0.2015625 0.4109375
0 0.5015625 0.834375 0.25859375 0.296875
0 0.43359375 0.521875 0.2765625 0.4328125
0 0.90078125 0.33984375 0.19765625 0.23984375
0 0.43515625 0.06796875 0.46796875 0.1359375
0 0.1140625 0.1453125 0.134375 0.23671875
0 0.7375 0.93125 0.33046875 0.1375
0 0.8328125 0.11796875 0.33359375 0.12578125