0 0.64296875 0.546875 0.2515625 0.16328125
0 0.30703125 0.46953125 0.17421875 0.30859375
0 0.41328125 0.17578125 0.18984375 0.31015625
0 0.37109375 0.8671875 0.34296875 0.16484375
0 0.190625 0.1921875 0.33046875 0.30234375
0 0.83046875 0.20078125 0.33828125 0.20234375
0 0.6078125 0.7421875 0.31953125 0.21796875
0 0.49609375 0.3734375 0.32109375 0.1046875
0 0.28046875 0.7109375 0.378125 0.17578125
0 0.94140625 0.4046875 0.1171875 0.221875
0 0.11796875 0.51171875 0.20390625 0.40703125
0 0.85078125 0.62734375 0.2359375 0.2234375