0 0.41171875 0.10078125 0.23046875 0.15625
0 0.13984375 0.540625 0.27265625 0.22265625
0 0.4484375 0.59453125 0.32578125 0.12421875
0 0.22734375 0.27421875 0.403125 0.1421875
0 0.84140625 0.83203125 0.3046875 0.11640625
0 0.4609375 0.8671875 0.31953125 0.140625
0 0.3 0.721875 0.38359375 0.16953125
0 0.70234375 0.671875 0.3921875 0.12109375
0 0.92265625 0.51015625 0.1484375 0.42421875
0 0.59609375 0.76171875 0.33359375 0.1078125
0 0.621875 0.21328125 0.42421875 0.18671875
0 0.88046875 0.13828125 0.21640625 0.27578125