0 0.878125 0.584375 0.16171875 0.30234375
0 0.78828125 0.75078125 0.3515625 0.1125
0 0.68984375 0.16796875 0.3671875 0.25625
0 0.4375 0.49921875 0.34296875 0.115625
0 0.38515625 0.25234375 0.2515625 0.41328125
0 0.1890625 0.440625 0.2640625 0.28984375
0 0.8265625 0.90546875 0.33046875 0.18828125
0 0.49609375 0.71796875 0.2796875 0.33203125
0 0.6453125 0.4140625 0.17734375 0.32109375
0 0.29140625 0.903125 0.32578125 0.1546875
0 0.2328125 0.72109375 0.3734375 0.21328125
0 0.8921875 0.30703125 0.21484375 0.1265625