0 0.4109375 0.5375 0.25390625 0.35390625
0 0.17890625 0.8625 0.23671875 0.24921875
0 0.08671875 0.25703125 0.17265625 0.37109375
0 0.57265625 0.365625 0.221875 0.36953125
0 0.88671875 0.44375 0.16640625 0.32890625
0 0.528125 0.08125 0.34140625 0.13046875
0 0.315625 0.27265625 0.3171875 0.13359375
0 0.215625 0.4515625 0.20625 0.23671875
0 0.51640625 0.778125 0.303125 0.1015625
0 0.76328125 0.28828125 0.19375 0.26796875
0 0.78203125 0.83125 0.2875 0.1921875
0 0.85078125 0.07421875 0.2796875 0.13359375