0 0.81328125 0.24921875 0.2921875 0.23125
0 0.37109375 0.15234375 0.28203125 0.29765625
0 0.49140625 0.6484375 0.20234375 0.42890625
0 0.2078125 0.46015625 0.415625 0.26171875
0 0.35234375 0.7640625 0.15390625 0.4203125
0 0.596875 0.2734375 0.2109375 0.40234375
0 0.74765625 0.55546875 0.22109375 0.40234375
0 0.8921875 0.09140625 0.215625 0.1828125
0 0.6171875 0.878125 0.3359375 0.11171875
0 0.91484375 0.490625 0.1703125 0.32265625
0 0.125 0.1578125 0.1421875 0.29921875
0 0.809375 0.79453125 0.3546875 0.146875