0 0.90390625 0.61796875 0.1296875 0.3140625
0 0.459375 0.20078125 0.159375 0.3265625
0 0.19609375 0.36796875 0.3921875 0.1359375
0 0.26796875 0.2359375 0.3015625 0.184375
0 0.60234375 0.3171875 0.2015625 0.225
0 0.40859375 0.83515625 0.3359375 0.1671875
0 0.5078125 0.57265625 0.234375 0.4234375
0 0.63515625 0.06328125 0.3359375 0.1234375
0 0.1953125 0.59765625 0.29375 0.3109375
0 0.75390625 0.67578125 0.2203125 0.4078125
0 0.85234375 0.2359375 0.1828125 0.33125
0 0.65390625 0.921875 0.3359375 0.11875