0 0.203125 0.40078125 0.31328125 0.296875
0 0.41015625 0.1609375 0.1171875 0.321875
0 0.484375 0.48203125 0.40078125 0.16171875
0 0.70546875 0.615625 0.19296875 0.23125
0 0.90859375 0.096875 0.1828125 0.19296875
0 0.5671875 0.27421875 0.16640625 0.30390625
0 0.7953125 0.79296875 0.409375 0.1765625
0 0.7125 0.2953125 0.115625 0.2578125
0 0.2828125 0.79765625 0.209375 0.39140625
0 0.4265625 0.703125 0.146875 0.409375
0 0.10234375 0.6671875 0.18828125 0.3484375
0 0.90390625 0.5125 0.19140625 0.39765625