0 0.284375 0.42265625 0.353125 0.3671875
0 0.81796875 0.80625 0.3078125 0.109375
0 0.67734375 0.534375 0.1921875 0.353125
0 0.71015625 0.175 0.2734375 0.228125
0 0.86640625 0.328125 0.2140625 0.225
0 0.43203125 0.82734375 0.2671875 0.1765625
0 0.51484375 0.51171875 0.1015625 0.2265625
0 0.228125 0.678125 0.35 0.140625
0 0.17578125 0.8546875 0.3390625 0.121875
0 0.48671875 0.7 0.3015625 0.121875
0 0.26015625 0.1109375 0.2921875 0.1875
0 0.884375 0.61796875 0.196875 0.3359375
0 0.49609375 0.22890625 0.1890625 0.2828125