0 0.75078125 0.390625 0.34453125 0.42265625
0 0.571875 0.7015625 0.14609375 0.31796875
0 0.15859375 0.45546875 0.3046875 0.32265625
0 0.353125 0.70625 0.38828125 0.13203125
0 0.37421875 0.096875 0.36171875 0.15859375
0 0.43984375 0.31640625 0.225 0.37109375
0 0.83359375 0.92890625 0.3328125 0.1359375
0 0.45859375 0.8609375 0.18671875 0.21875
0 0.16015625 0.19296875 0.2703125 0.17734375
0 0.26328125 0.80859375 0.32578125 0.11484375
0 0.7625 0.11953125 0.36796875 0.14765625
0 0.77578125 0.72109375 0.12109375 0.36640625