0 0.7609375 0.38125 0.35 0.4296875
0 0.57890625 0.696875 0.1484375 0.32265625
0 0.159375 0.446875 0.31015625 0.32734375
0 0.35703125 0.7015625 0.39453125 0.134375
0 0.37890625 0.08203125 0.3671875 0.16171875
0 0.44453125 0.30546875 0.228125 0.37734375
0 0.83828125 0.92890625 0.32265625 0.1390625
0 0.4640625 0.85859375 0.18984375 0.221875
0 0.16171875 0.1796875 0.275 0.18046875
0 0.265625 0.80625 0.33046875 0.11640625
0 0.7734375 0.10546875 0.3734375 0.15
0 0.78671875 0.71640625 0.12265625 0.371875