0 0.82265625 0.171875 0.2390625 0.325
0 0.56484375 0.3421875 0.1703125 0.3125
0 0.47109375 0.6796875 0.1984375 0.353125
0 0.66328125 0.73828125 0.2390625 0.1359375
0 0.2890625 0.57109375 0.13125 0.3140625
0 0.11484375 0.50078125 0.1953125 0.3265625
0 0.21640625 0.85078125 0.3484375 0.1453125
0 0.4171875 0.11640625 0.321875 0.1265625
0 0.41015625 0.40703125 0.1453125 0.3109375
0 0.87265625 0.80859375 0.1484375 0.3546875
0 0.82734375 0.4703125 0.2484375 0.228125
0 0.24609375 0.26171875 0.3390625 0.1109375