0 0.40078125 0.11484375 0.2265625 0.153125
0 0.13359375 0.54609375 0.2671875 0.21796875
0 0.43671875 0.59921875 0.31953125 0.121875
0 0.2203125 0.28515625 0.3953125 0.1390625
0 0.821875 0.83203125 0.29921875 0.1140625
0 0.44921875 0.86640625 0.31328125 0.1375
0 0.29140625 0.72421875 0.3765625 0.16640625
0 0.6859375 0.675 0.384375 0.11875
0 0.9015625 0.51640625 0.1453125 0.41640625
0 0.58125 0.76328125 0.32734375 0.10625
0 0.60703125 0.225 0.41640625 0.18359375
0 0.8609375 0.14609375 0.21171875 0.2796875