0 0.4078125 0.540625 0.25390625 0.35390625
0 0.17578125 0.865625 0.23671875 0.24921875
0 0.08515625 0.26015625 0.16953125 0.37109375
0 0.56953125 0.36875 0.221875 0.36953125
0 0.88359375 0.446875 0.16640625 0.32890625
0 0.52421875 0.084375 0.34140625 0.13046875
0 0.3125 0.2765625 0.3171875 0.13359375
0 0.2125 0.4546875 0.20625 0.23671875
0 0.51328125 0.78125 0.303125 0.1015625
0 0.76015625 0.29140625 0.19375 0.26796875
0 0.77890625 0.834375 0.2875 0.1921875
0 0.84765625 0.078125 0.2796875 0.13359375