0 0.6671875 0.55546875 0.26484375 0.171875
0 0.31328125 0.47421875 0.18359375 0.325
0 0.425 0.16484375 0.2 0.3265625
0 0.38046875 0.89296875 0.36171875 0.1734375
0 0.190625 0.1828125 0.3484375 0.31796875
0 0.84296875 0.19140625 0.31328125 0.21328125
0 0.6296875 0.76171875 0.33671875 0.2296875
0 0.5125 0.3734375 0.33828125 0.11015625
0 0.2859375 0.72890625 0.3984375 0.18515625
0 0.96015625 0.40703125 0.0796875 0.23359375
0 0.1140625 0.51953125 0.21484375 0.428125
0 0.88046875 0.640625 0.23828125 0.23515625